     0/257  1.52   0.1068  0.01436  0   0.1212  23  512       0       0  0.00016  2.41e-5    0.101  0.01568  0
     1/257  1.54  0.09468  0.01581  0   0.1105  24  512   0.139 0.02412  0.01916 0.005086  0.08413  0.01826  0
     2/257  1.54  0.07556  0.01651  0  0.09207  25  512  0.1111  0.2851  0.08205  0.02995  0.06919  0.01834  0
     3/257  1.54  0.06688  0.01598  0  0.08285  13  512  0.2371  0.2542   0.1329  0.05346  0.06258  0.01672  0
     4/257  1.54  0.06233  0.01578  0  0.07811  26  512  0.1478  0.3655   0.1344  0.05185  0.06103   0.0171  0
     5/257  1.54  0.05993  0.01545  0  0.07538  26  512  0.1928  0.3686   0.1607  0.07456  0.05665  0.01682  0
     6/257  1.54   0.0571  0.01551  0  0.07261  22  512  0.2054   0.428    0.194  0.09299  0.05365  0.01662  0
     7/257  1.54  0.05619   0.0157  0  0.07189  11  512  0.2445  0.3711   0.1918  0.09264  0.05159  0.01686  0
     8/257  1.54  0.05463  0.01553  0  0.07016  23  512  0.2201  0.4267   0.2105   0.1045  0.05042  0.01641  0
     9/257  1.54  0.05383  0.01546  0  0.06929  18  512  0.1782  0.5121   0.2025   0.1016   0.0495  0.01673  0
    10/257  1.54  0.05245  0.01557  0  0.06802  24  512   0.232  0.4484   0.2087   0.0992  0.05014  0.01668  0
    11/257  1.54  0.05179  0.01534  0  0.06713  25  512  0.1843  0.5093   0.2131   0.1042  0.05036  0.01662  0
    12/257  1.54  0.05106  0.01511  0  0.06617  15  512  0.2152  0.4923   0.2333   0.1181  0.04785  0.01616  0
    13/257  1.54  0.05078   0.0152  0  0.06597  18  512   0.268  0.4218   0.2411   0.1266  0.04628  0.01648  0
    14/257  1.54   0.0495  0.01524  0  0.06474  18  512  0.2293  0.5053   0.2612   0.1412  0.04587  0.01579  0
    15/257  1.54  0.04931   0.0151  0  0.06442  17  512  0.2461  0.4855   0.2563   0.1375  0.04542  0.01594  0
    16/257  1.54  0.04867  0.01499  0  0.06366  30  512  0.2356  0.5114   0.2612   0.1437   0.0446  0.01606  0
    17/257  1.54  0.04858  0.01493  0  0.06352  24  512  0.2595  0.4824   0.2662   0.1482   0.0443  0.01584  0
    18/257  1.54  0.04789  0.01496  0  0.06284  23  512  0.2284  0.5257   0.2682   0.1498  0.04386  0.01583  0
    19/257  1.54  0.04758  0.01499  0  0.06257  23  512  0.2631  0.5362   0.2938   0.1617  0.04344  0.01546  0
    20/257  1.54  0.04707  0.01481  0  0.06188  18  512  0.2548  0.5399   0.2954   0.1684  0.04281  0.01559  0
    21/257  1.54  0.04675  0.01496  0  0.06172  26  512  0.2495  0.5393   0.2922   0.1646  0.04275  0.01569  0
    22/257  1.54  0.04682  0.01478  0  0.06161  20  512  0.2483  0.5541   0.2914   0.1692  0.04233  0.01542  0
    23/257  1.54  0.04644  0.01479  0  0.06123  22  512  0.2499   0.572    0.304   0.1739  0.04171  0.01544  0
    24/257  1.54  0.04634  0.01475  0  0.06109  25  512  0.2611  0.5563    0.311    0.178  0.04168  0.01529  0
    25/257  1.54  0.04584  0.01446  0  0.06029  18  512  0.2834  0.5325   0.3241   0.1867  0.04112  0.01533  0
    26/257  1.54  0.04552  0.01469  0  0.06022  17  512  0.2651  0.5708   0.3222   0.1856  0.04143  0.01501  0
    27/257  1.54   0.0454  0.01449  0  0.05989  28  512  0.2596  0.5739    0.329     0.19  0.04079  0.01503  0
    28/257  1.54  0.04496   0.0145  0  0.05946  18  512  0.2605  0.5708   0.3232   0.1903  0.04025   0.0152  0
    29/257  1.54  0.04433  0.01467  0    0.059  26  512  0.2544  0.5838   0.3406   0.2024  0.03962  0.01483  0
    30/257  1.54    0.044   0.0145  0   0.0585  23  512  0.2673  0.5745   0.3271   0.1909  0.03998  0.01503  0
    31/257  1.54  0.04401  0.01456  0  0.05858  29  512  0.2639  0.5962   0.3434   0.1999  0.03952  0.01487  0
    32/257  1.54  0.04401  0.01426  0  0.05827  21  512  0.2759  0.5764   0.3392   0.1997  0.03938  0.01486  0
    33/257  1.54  0.04367  0.01446  0  0.05813  23  512  0.2697  0.5758   0.3486   0.2086  0.03917  0.01471  0
    34/257  1.54  0.04345  0.01439  0  0.05783  27  512  0.2733  0.5832   0.3444   0.2081  0.03891  0.01476  0
    35/257  1.54  0.04371  0.01423  0  0.05795  28  512  0.2723  0.5962   0.3489   0.2108  0.03863  0.01473  0
    36/257  1.54  0.04327  0.01432  0  0.05759  18  512  0.2741  0.6036   0.3632   0.2181  0.03846  0.01468  0
    37/257  1.54  0.04265   0.0142  0  0.05685  20  512  0.2735  0.6166   0.3589   0.2158  0.03836  0.01458  0
    38/257  1.54  0.04268   0.0143  0  0.05698  28  512  0.2768  0.6153   0.3661   0.2194  0.03841  0.01446  0
    39/257  1.54  0.04266   0.0142  0  0.05686  17  512  0.2904  0.6079   0.3635     0.22  0.03803  0.01449  0
    40/257  1.54  0.04216  0.01406  0  0.05622  32  512  0.2807  0.6042   0.3592   0.2166   0.0382  0.01452  0
    41/257  1.54  0.04218  0.01398  0  0.05617  24  512  0.2833   0.603   0.3663    0.223  0.03773  0.01447  0
    42/257  1.54   0.0419   0.0141  0    0.056  21  512  0.2756  0.6209   0.3666   0.2221  0.03752  0.01455  0
    43/257  1.54  0.04188  0.01426  0  0.05614  25  512  0.2754  0.6259   0.3703   0.2265  0.03738  0.01447  0
    44/257  1.54  0.04174  0.01409  0  0.05584  30  512  0.2816  0.6277   0.3734   0.2288  0.03718  0.01436  0
    45/257  1.54   0.0414  0.01407  0  0.05547  20  512  0.2739  0.6271   0.3747   0.2314  0.03709  0.01437  0
    46/257  1.54  0.04098  0.01397  0  0.05495  22  512  0.2828  0.6308   0.3843   0.2347  0.03686  0.01423  0
    47/257  1.54  0.04123  0.01402  0  0.05525  18  512  0.2775  0.6327   0.3812   0.2365  0.03687   0.0142  0
    48/257  1.54   0.0405  0.01386  0  0.05436  22  512   0.288  0.6277   0.3879   0.2411  0.03668  0.01416  0
    49/257  1.54  0.04088  0.01384  0  0.05472  24  512   0.285  0.6333   0.3878   0.2425  0.03654  0.01416  0
    50/257  1.54  0.04044  0.01395  0  0.05439  22  512  0.2871  0.6283   0.3864    0.241   0.0364   0.0142  0
    51/257  1.54  0.04035  0.01393  0  0.05428  20  512  0.2854  0.6349   0.3939   0.2451  0.03623  0.01414  0
    52/257  1.54  0.03985  0.01357  0  0.05343  18  512  0.2867   0.637   0.3935   0.2449  0.03622  0.01414  0
    53/257  1.54  0.04023  0.01377  0    0.054  24  512  0.2848  0.6425   0.3948    0.246  0.03602  0.01412  0
    54/257  1.54  0.03965  0.01356  0  0.05322  28  512  0.2857  0.6419    0.396   0.2471  0.03592  0.01407  0
    55/257  1.54  0.03947  0.01361  0  0.05308  23  512   0.286  0.6512   0.4032   0.2502   0.0358  0.01407  0
    56/257  1.54  0.03925   0.0138  0  0.05305  23  512  0.2855  0.6485   0.4037   0.2523  0.03569  0.01406  0
    57/257  1.54  0.03934  0.01355  0  0.05288  24  512  0.2839  0.6463   0.4046   0.2524  0.03569  0.01404  0
    58/257  1.54  0.03903  0.01361  0  0.05265  18  512  0.2839  0.6506   0.4026   0.2523  0.03564  0.01402  0
    59/257  1.54  0.03849  0.01352  0  0.05202  16  512  0.2827  0.6487   0.4044   0.2537  0.03551    0.014  0
    60/257  1.54  0.03849  0.01345  0  0.05194  31  512  0.2816  0.6475   0.4048   0.2542  0.03539  0.01399  0
    61/257  1.54  0.03797  0.01347  0  0.05145  23  512  0.2861  0.6543   0.4096   0.2557  0.03537  0.01396  0
    62/257  1.54  0.03808  0.01347  0  0.05155  23  512   0.286  0.6524   0.4105   0.2577  0.03534  0.01391  0
    63/257  1.54  0.03835  0.01336  0  0.05171  19  512  0.2873  0.6574   0.4137   0.2611  0.03522  0.01389  0
    64/257  1.54  0.03782  0.01333  0  0.05115  17  512  0.2838  0.6545   0.4148   0.2619  0.03511  0.01388  0
    65/257  1.54  0.03809  0.01335  0  0.05144  25  512  0.2843  0.6555   0.4164   0.2632  0.03505  0.01386  0
    66/257  1.54  0.03788  0.01334  0  0.05122  22  512  0.2847  0.6574    0.417   0.2634  0.03497  0.01384  0
    67/257  1.54  0.03771  0.01332  0  0.05103  22  512  0.2853  0.6562   0.4185   0.2646  0.03495  0.01382  0
    68/257  1.54  0.03708  0.01308  0  0.05015  28  512   0.286  0.6562   0.4206   0.2661  0.03489   0.0138  0
    69/257  1.54  0.03677  0.01314  0  0.04991  23  512  0.2858  0.6568   0.4217   0.2669  0.03485  0.01379  0
    70/257  1.54    0.037  0.01311  0  0.05011  25  512  0.2866  0.6555   0.4238   0.2679   0.0348  0.01376  0
    71/257  1.54  0.03697  0.01301  0  0.04999  21  512  0.2863   0.658   0.4245   0.2696  0.03477  0.01374  0
    72/257  1.54  0.03644  0.01309  0  0.04953  18  512  0.2872  0.6599   0.4271   0.2695  0.03474  0.01373  0
    73/257  1.54   0.0363  0.01303  0  0.04933  20  512  0.2857  0.6611   0.4279   0.2704  0.03469  0.01373  0
    74/257  1.54  0.03622    0.013  0  0.04923  24  512  0.2871  0.6648   0.4298   0.2722  0.03464  0.01372  0
    75/257  1.54  0.03585  0.01293  0  0.04878  25  512  0.2866  0.6642   0.4305    0.273  0.03459   0.0137  0
    76/257  1.54  0.03595  0.01294  0   0.0489  23  512  0.2868   0.666   0.4314   0.2738  0.03452  0.01368  0
    77/257  1.54  0.03586  0.01281  0  0.04868  19  512  0.2879   0.666   0.4321   0.2733   0.0345  0.01368  0
    78/257  1.54  0.03547  0.01297  0  0.04844  15  512  0.2864   0.666   0.4331   0.2739  0.03446  0.01367  0
    79/257  1.54  0.03557  0.01286  0  0.04843  24  512  0.2877  0.6673   0.4337   0.2747  0.03439  0.01365  0
    80/257  1.54  0.03536  0.01298  0  0.04834  14  512  0.2878  0.6691   0.4342   0.2752  0.03435  0.01364  0
    81/257  1.54  0.03494  0.01286  0   0.0478  27  512  0.2878  0.6679   0.4354   0.2759  0.03431  0.01363  0
    82/257  1.54   0.0349  0.01269  0  0.04758  12  512  0.2883  0.6679   0.4359   0.2756  0.03427  0.01362  0
    83/257  1.54  0.03484  0.01274  0  0.04758  20  512  0.2886  0.6691   0.4374   0.2768  0.03425  0.01362  0
    84/257  1.54   0.0345  0.01269  0  0.04719  23  512  0.2894  0.6689   0.4383   0.2776  0.03422  0.01362  0
    85/257  1.54  0.03449  0.01279  0  0.04728  16  512  0.2898  0.6698   0.4381   0.2771   0.0342  0.01361  0
    86/257  1.54  0.03435  0.01261  0  0.04696  18  512  0.2903  0.6704   0.4386   0.2773  0.03418   0.0136  0
    87/257  1.54  0.03409  0.01256  0  0.04665  19  512  0.2899  0.6691   0.4391   0.2781  0.03416   0.0136  0
    88/257  1.54  0.03426   0.0125  0  0.04676  22  512  0.2892  0.6691   0.4401   0.2788  0.03413  0.01359  0
    89/257  1.54  0.03432  0.01256  0  0.04688  20  512  0.2894  0.6673   0.4407   0.2787  0.03411  0.01358  0
    90/257  1.54  0.03395   0.0126  0  0.04655  18  512  0.2901  0.6679   0.4412   0.2794   0.0341  0.01357  0
    91/257  1.54  0.03399   0.0125  0   0.0465  21  512  0.2916  0.6685    0.442   0.2802  0.03408  0.01357  0
    92/257  1.54  0.03378  0.01251  0   0.0463  26  512  0.2915  0.6691   0.4419   0.2802  0.03407  0.01356  0
    93/257  1.54  0.03368  0.01252  0   0.0462  21  512  0.2913  0.6685   0.4424   0.2805  0.03405  0.01356  0
    94/257  1.54  0.03335  0.01252  0  0.04587  17  512  0.2914  0.6691   0.4431   0.2807  0.03403  0.01355  0
    95/257  1.54  0.03337  0.01249  0  0.04587  22  512  0.2917  0.6679   0.4434   0.2808  0.03399  0.01354  0
    96/257  1.54  0.03347  0.01225  0  0.04572  25  512  0.2929  0.6679   0.4436   0.2808  0.03401  0.01354  0
    97/257  1.54  0.03348  0.01239  0  0.04588  26  512   0.293  0.6685   0.4448    0.281    0.034  0.01353  0
    98/257  1.54  0.03305  0.01243  0  0.04548  24  512  0.2933  0.6691    0.445   0.2816  0.03399  0.01352  0
    99/257  .839  0.03498  0.01274  0  0.04773   7  512  0.3058  0.6549   0.4474    0.281  0.03433  0.01341  0
   100/257  .839  0.03485  0.01256  0  0.04742  11  512  0.3051  0.6636   0.4487   0.2819  0.03462   0.0134  0
   101/257  .839  0.03505  0.01257  0  0.04762   9  512  0.3119  0.6716   0.4516    0.283  0.03436  0.01339  0
   102/257  .839  0.03454  0.01264  0  0.04718  10  512  0.3114  0.6741   0.4504   0.2819  0.03429  0.01351  0
   103/257  .839  0.03458  0.01273  0  0.04731   9  512  0.3068  0.6679   0.4493   0.2813   0.0343  0.01348  0
   104/257  .839   0.0346   0.0126  0   0.0472   5  512  0.3067  0.6704   0.4507   0.2822  0.03413  0.01342  0
   105/257  .839   0.0346  0.01266  0  0.04726   8  512  0.3023  0.6642   0.4487   0.2839  0.03393  0.01338  0
   106/257  .839  0.03426  0.01253  0  0.04679   9  512  0.3062  0.6673   0.4487   0.2831  0.03398  0.01337  0
   107/257  .839  0.03429  0.01256  0  0.04685  13  512  0.3095  0.6623   0.4505   0.2839  0.03389   0.0134  0
   108/257  .839  0.03416  0.01248  0  0.04664  14  512  0.3108  0.6537   0.4515   0.2852  0.03405  0.01332  0
   109/257  .839   0.0341  0.01243  0  0.04652  11  512  0.3122  0.6633    0.454   0.2871  0.03413  0.01332  0
   110/257  .839  0.03383  0.01248  0   0.0463   7  512  0.3109  0.6679   0.4574   0.2894  0.03368   0.0133  0
   111/257  .841  0.03377  0.01249  0  0.04626   8  512  0.3129  0.6698   0.4621   0.2901  0.03361  0.01328  0
   112/257  .841  0.03369   0.0123  0  0.04599   9  512  0.3159  0.6741   0.4599   0.2897  0.03376  0.01329  0
   113/257  .841  0.03372  0.01228  0  0.04599   5  512  0.3138  0.6722   0.4565   0.2871  0.03351  0.01331  0
   114/257  .841  0.03372  0.01216  0  0.04587   3  512  0.3104  0.6699   0.4547   0.2864   0.0335  0.01333  0
   115/257  .841  0.03362  0.01235  0  0.04598   8  512  0.3104  0.6704   0.4577   0.2904  0.03346  0.01329  0
   116/257  .841  0.03339  0.01236  0  0.04576   7  512  0.3086  0.6685   0.4584   0.2907  0.03354  0.01332  0
   117/257  .841  0.03314  0.01219  0  0.04533   9  512  0.3098  0.6654   0.4547   0.2902  0.03361  0.01331  0
   118/257  .841  0.03327  0.01228  0  0.04555   6  512  0.3139  0.6691   0.4564     0.29   0.0337  0.01333  0
   119/257  .841  0.03297  0.01212  0  0.04509   7  512  0.3098  0.6716   0.4575   0.2917  0.03366  0.01334  0
   120/257  .841  0.03313  0.01214  0  0.04527   4  512  0.3103  0.6729   0.4604   0.2932  0.03358  0.01328  0
   121/257  .841  0.03267  0.01217  0  0.04484   4  512  0.3096  0.6766   0.4617   0.2943  0.03352  0.01324  0
   122/257  .841  0.03251  0.01215  0  0.04467   5  512  0.3104  0.6766   0.4634   0.2958  0.03346  0.01322  0
   123/257  .841   0.0329  0.01207  0  0.04497  11  512  0.3084  0.6759   0.4655   0.2978  0.03337   0.0132  0
   124/257  .841  0.03252    0.012  0  0.04453   8  512  0.3086  0.6722   0.4661   0.2972  0.03328   0.0132  0
   125/257  .841  0.03286  0.01204  0   0.0449   6  512  0.3089  0.6747   0.4675   0.2984  0.03324  0.01321  0
   126/257  .841  0.03263  0.01206  0  0.04469   7  512  0.3121  0.6735   0.4695   0.2987  0.03317   0.0132  0
   127/257  .841  0.03272  0.01207  0  0.04479   8  512   0.311  0.6716   0.4687   0.2985  0.03316  0.01319  0
   128/257  .841  0.03215  0.01185  0  0.04399   6  512  0.3127  0.6722   0.4699   0.2988  0.03316  0.01317  0
   129/257  .841  0.03196   0.0119  0  0.04386   7  512  0.3131  0.6753   0.4697   0.2998  0.03312  0.01316  0
   130/257  .841  0.03248  0.01198  0  0.04446   9  512  0.3142  0.6772   0.4691   0.2982  0.03309  0.01315  0
   131/257  .841   0.0324  0.01186  0  0.04427  10  512  0.3128  0.6741   0.4699   0.2989  0.03303  0.01313  0
   132/257  .841  0.03192  0.01179  0  0.04371   6  512  0.3113  0.6766   0.4706   0.2992  0.03304  0.01313  0
   133/257  .841  0.03181  0.01191  0  0.04372  14  512  0.3121  0.6766   0.4711   0.2998  0.03302  0.01313  0
   134/257  .841  0.03191  0.01188  0  0.04379   7  512  0.3124  0.6772   0.4702   0.2993  0.03298  0.01312  0
   135/257  .841  0.03174  0.01181  0  0.04355   4  512  0.3135  0.6809   0.4712   0.2991  0.03299  0.01313  0
   136/257  .841  0.03181  0.01187  0  0.04369  10  512   0.314  0.6797   0.4718   0.3003  0.03296  0.01313  0
   137/257  .841  0.03205  0.01177  0  0.04382  11  512  0.3132  0.6797   0.4728    0.301  0.03291  0.01312  0
   138/257  .841  0.03158  0.01178  0  0.04336   9  512  0.3123  0.6759   0.4719   0.3016  0.03287  0.01312  0
   139/257  .841  0.03147  0.01174  0  0.04321   6  512  0.3126  0.6747   0.4725   0.3021  0.03283  0.01312  0
   140/257  .841  0.03148  0.01183  0  0.04331   6  512  0.3117  0.6766   0.4724    0.302  0.03279   0.0131  0
   141/257  .841   0.0315  0.01183  0  0.04333   7  512  0.3134  0.6778   0.4742    0.302   0.0328   0.0131  0
   142/257  .841  0.03172  0.01171  0  0.04343   5  512  0.3141  0.6766   0.4744   0.3026  0.03276  0.01308  0
   143/257  .841  0.03145  0.01182  0  0.04327  10  512   0.315  0.6759   0.4749   0.3036  0.03274  0.01307  0
   144/257  .841  0.03125  0.01175  0    0.043   7  512  0.3156  0.6766   0.4756   0.3028  0.03273  0.01308  0
   145/257  .841  0.03129  0.01176  0  0.04306   8  512  0.3155  0.6784   0.4761   0.3037  0.03274  0.01308  0
   146/257  .841  0.03106  0.01169  0  0.04276  10  512  0.3146  0.6772   0.4768   0.3042  0.03271  0.01307  0
   147/257  .841  0.03116  0.01158  0  0.04274   2  512  0.3157   0.679   0.4772   0.3038  0.03272  0.01308  0
   148/257  .841    0.031  0.01158  0  0.04258   6  512  0.3157  0.6821   0.4776   0.3049  0.03271  0.01307  0
   149/257  .841  0.03122  0.01157  0  0.04279   9  512  0.3151  0.6821   0.4774   0.3045  0.03271  0.01306  0
   150/257  .841  0.03095  0.01169  0  0.04264  13  512  0.3162  0.6834   0.4787   0.3053  0.03271  0.01306  0
   151/257  .841   0.0308  0.01161  0  0.04241   8  512  0.3169  0.6834   0.4786   0.3058   0.0327  0.01305  0
   152/257  .841  0.03071  0.01157  0  0.04229   9  512  0.3172  0.6827   0.4792   0.3055  0.03269  0.01305  0
   153/257  .841  0.03101  0.01172  0  0.04273  11  512  0.3169  0.6821   0.4796   0.3057  0.03266  0.01304  0
   154/257  .841  0.03072  0.01155  0  0.04226   9  512   0.316  0.6825   0.4794   0.3063  0.03267  0.01304  0
   155/257  .841  0.03086  0.01164  0  0.04251   6  512  0.3167  0.6821   0.4802   0.3061  0.03267  0.01304  0
   156/257  .841  0.03076  0.01138  0  0.04215  10  512  0.3164  0.6821    0.481   0.3065  0.03267  0.01303  0
   157/257  .841  0.03075  0.01151  0  0.04225   6  512  0.3168  0.6821   0.4814   0.3061  0.03265  0.01302  0
   158/257  .841  0.03053  0.01152  0  0.04205   6  512  0.3169  0.6815   0.4807   0.3068  0.03267  0.01302  0
   159/257  .841  0.03065  0.01143  0  0.04209   9  512  0.3165  0.6827    0.482    0.307  0.03263  0.01301  0
   160/257  1.54  0.03709  0.01935  0  0.05643  35  512  0.2905   0.731   0.4971   0.3142  0.03392  0.01875  0
   161/257  1.54  0.03648  0.01932  0   0.0558  28  512  0.3301  0.6916   0.4748   0.3015  0.03428  0.01873  0
   162/257  1.54  0.03627  0.01904  0  0.05531  29  512  0.3242  0.6933   0.4802   0.3026  0.03429  0.01896  0
   163/257  1.54  0.03588  0.01913  0  0.05501  29  512  0.2794  0.7316   0.4947   0.3183  0.03418  0.01876  0
   164/257  1.54  0.03584  0.01892  0  0.05476  20  512  0.3249  0.6971   0.4913   0.3114  0.03398  0.01851  0
   165/257  1.54  0.03583  0.01871  0  0.05454  27  512  0.3563  0.6782    0.492    0.317  0.03395  0.01857  0
   166/257  1.54  0.03554  0.01881  0  0.05436  38  512  0.3277  0.6992   0.4891   0.3147  0.03352  0.01856  0
   167/257  1.54  0.03526  0.01879  0  0.05405  27  512  0.3412   0.703   0.4937   0.3199  0.03335  0.01831  0
   168/257  1.54  0.03501  0.01865  0  0.05367  20  512  0.3134  0.7229   0.4929   0.3177  0.03365  0.01836  0
   169/257  1.54  0.03498  0.01867  0  0.05365  13  512  0.3257  0.7098   0.4945   0.3139  0.03357  0.01849  0
   170/257  1.54  0.03484  0.01852  0  0.05336  30  512  0.3316   0.709   0.5017   0.3231  0.03288  0.01828  0
   171/257  1.54  0.03473  0.01861  0  0.05334  28  512   0.323  0.7174   0.5172   0.3341  0.03294  0.01815  0
   172/257  1.54  0.03435  0.01837  0  0.05272  29  512  0.3129  0.7293   0.5057   0.3217  0.03324  0.01832  0
   173/257  1.54  0.03439  0.01845  0  0.05284  17  512  0.3249  0.7322    0.517   0.3337  0.03266  0.01796  0
   174/257  1.54  0.03428  0.01836  0  0.05264  25  512  0.3346  0.7153   0.5171   0.3365  0.03242  0.01799  0
   175/257  1.54  0.03411  0.01825  0  0.05237  34  512  0.3401  0.7111   0.5276   0.3411  0.03229  0.01803  0
   176/257  1.54  0.03408  0.01824  0  0.05233  35  512  0.3347  0.7187   0.5191   0.3417  0.03205  0.01785  0
   177/257  1.54  0.03394  0.01814  0  0.05208  28  512  0.3084  0.7386   0.5258   0.3456  0.03179  0.01787  0
   178/257  1.54  0.03389  0.01809  0  0.05198  35  512  0.3407  0.7377    0.536   0.3498   0.0318  0.01755  0
   179/257  1.54  0.03372  0.01826  0  0.05198  24  512  0.3286   0.738   0.5369    0.353  0.03158  0.01753  0
   180/257  1.54  0.03367  0.01801  0  0.05168  27  512  0.3427  0.7352   0.5325   0.3504  0.03149  0.01766  0
   181/257  1.54  0.03367  0.01806  0  0.05173  29  512  0.3392  0.7424   0.5378   0.3541  0.03144  0.01758  0
   182/257  1.54  0.03326  0.01785  0   0.0511  22  512  0.3338  0.7377   0.5384   0.3559  0.03109  0.01757  0
   183/257  1.54  0.03335  0.01797  0  0.05132  37  512  0.3413  0.7255   0.5395   0.3575  0.03138  0.01743  0
   184/257  1.54  0.03285  0.01785  0   0.0507  28  512  0.3366  0.7335   0.5428   0.3596  0.03109  0.01741  0
   185/257  1.54  0.03316  0.01787  0  0.05102  35  512  0.3377  0.7331   0.5441   0.3615  0.03112  0.01727  0
   186/257  1.54  0.03301  0.01786  0  0.05088  30  512  0.3428  0.7339   0.5443   0.3602  0.03108  0.01737  0
   187/257  1.54  0.03284  0.01776  0   0.0506  22  512  0.3438  0.7492   0.5495   0.3666  0.03095  0.01722  0
   188/257  1.54  0.03272  0.01763  0  0.05035  27  512  0.3395  0.7432   0.5444   0.3634  0.03108  0.01723  0
   189/257  1.54  0.03252  0.01766  0  0.05018  19  512  0.3332  0.7475   0.5468   0.3636  0.03087  0.01727  0
   190/257  1.54  0.03257  0.01755  0  0.05012  24  512  0.3356  0.7466   0.5486   0.3652  0.03061  0.01722  0
   191/257  1.54  0.03265  0.01761  0  0.05025  26  512  0.3411  0.7503   0.5498   0.3685  0.03067  0.01719  0
   192/257  1.54  0.03236  0.01757  0  0.04993  19  512  0.3407  0.7462   0.5495   0.3689   0.0308  0.01719  0
   193/257  1.54  0.03215   0.0175  0  0.04965  25  512  0.3426    0.75   0.5517   0.3688  0.03063  0.01716  0
   194/257  1.54  0.03211  0.01751  0  0.04962  29  512  0.3439  0.7464   0.5529   0.3706  0.03049  0.01713  0
   195/257  1.54  0.03224  0.01749  0  0.04972  19  512  0.3391  0.7492   0.5529   0.3689  0.03037  0.01713  0
   196/257  1.54  0.03201  0.01747  0  0.04948  25  512  0.3417  0.7525   0.5563   0.3718  0.03026  0.01707  0
   197/257  1.54  0.03215  0.01739  0  0.04954  27  512   0.343  0.7508   0.5558    0.372  0.03027  0.01706  0
   198/257  1.54  0.03184  0.01731  0  0.04915  23  512  0.3395  0.7492   0.5579   0.3741  0.03018  0.01701  0
   199/257  1.54   0.0318  0.01727  0  0.04907  33  512  0.3408  0.7479   0.5578    0.374  0.03015  0.01699  0
   200/257  1.54  0.03178  0.01722  0    0.049  25  512  0.3419  0.7517   0.5591   0.3744  0.03015  0.01697  0
   201/257  1.54  0.03166  0.01733  0  0.04899  29  512  0.3431   0.753   0.5613   0.3763   0.0301  0.01692  0
   202/257  1.54  0.03155  0.01729  0  0.04884  24  512   0.345  0.7563   0.5627   0.3766  0.03007  0.01691  0
   203/257  1.54  0.03139   0.0171  0  0.04849  28  512  0.3461  0.7551   0.5633   0.3782  0.03009  0.01692  0
   204/257  1.54  0.03139   0.0172  0  0.04859  26  512  0.3474  0.7572   0.5647   0.3788  0.02999  0.01693  0
   205/257  1.54  0.03125  0.01699  0  0.04824  28  512   0.346  0.7538   0.5644   0.3798  0.02994  0.01696  0
   206/257  1.54  0.03136  0.01702  0  0.04838  25  512  0.3464  0.7542   0.5657   0.3808  0.02993  0.01694  0
   207/257  1.54  0.03135  0.01703  0  0.04838  20  512  0.3471  0.7547   0.5669    0.381  0.02991  0.01692  0
   208/257  1.54  0.03089  0.01691  0   0.0478  25  512  0.3462  0.7555    0.567   0.3811  0.02995  0.01691  0
   209/257  1.54  0.03097  0.01696  0  0.04793  31  512  0.3472  0.7563   0.5673   0.3809  0.02995  0.01691  0
   210/257  1.54  0.03082  0.01691  0  0.04774  27  512  0.3483  0.7563   0.5676   0.3819  0.02995  0.01687  0
   211/257  1.54  0.03098  0.01691  0  0.04789  29  512  0.3475  0.7568   0.5694   0.3834  0.02993  0.01686  0
   212/257  1.54   0.0306  0.01679  0  0.04739  31  512  0.3454  0.7559   0.5702   0.3841   0.0299  0.01685  0
   213/257  1.54  0.03081  0.01681  0  0.04762  21  512   0.346  0.7576   0.5708   0.3851  0.02987  0.01682  0
   214/257  1.54  0.03064   0.0169  0  0.04753  22  512  0.3454  0.7568   0.5714    0.385  0.02986  0.01683  0
   215/257  1.54  0.03045  0.01665  0   0.0471  35  512  0.3444  0.7572   0.5708   0.3855  0.02987  0.01683  0
   216/257  1.54  0.03029  0.01687  0  0.04716  24  512   0.344  0.7576   0.5713   0.3854  0.02986  0.01681  0
   217/257  1.54  0.03011   0.0167  0  0.04681  25  512  0.3437   0.758   0.5719   0.3862  0.02984  0.01681  0
   218/257  1.54  0.03027  0.01669  0  0.04696  31  512  0.3431  0.7568   0.5719   0.3864  0.02985  0.01681  0
   219/257  1.54  0.03036  0.01669  0  0.04705  22  512   0.343  0.7568   0.5728   0.3866  0.02984  0.01681  0
   220/257  1.54  0.03044  0.01661  0  0.04704  24  512  0.3426  0.7572   0.5731   0.3869   0.0298  0.01679  0
   221/257  1.54  0.02992   0.0166  0  0.04652  23  512  0.3424  0.7563   0.5739   0.3876   0.0298  0.01679  0
   222/257  1.54  0.03003   0.0165  0  0.04653  25  512  0.3418  0.7576   0.5728   0.3875  0.02979  0.01679  0
   223/257  1.54  0.03016  0.01647  0  0.04663  27  512  0.3427  0.7576   0.5735    0.388  0.02978  0.01679  0
   224/257  1.54  0.02989  0.01643  0  0.04633  21  512  0.3424  0.7576   0.5732   0.3877  0.02978  0.01679  0
   225/257  1.54  0.02997  0.01653  0  0.04651  22  512  0.3414  0.7572    0.573   0.3877  0.02976  0.01679  0
   226/257  1.54  0.02996  0.01634  0   0.0463  26  512  0.3416  0.7576   0.5739   0.3882  0.02975  0.01679  0
   227/257  1.54  0.02998  0.01637  0  0.04635  28  512  0.3412  0.7572   0.5738   0.3885  0.02974  0.01678  0
   228/257  1.54  0.02955  0.01626  0   0.0458  18  512  0.3414  0.7559   0.5729   0.3883  0.02972  0.01679  0
   229/257  1.54  0.02962  0.01628  0  0.04591  31  512  0.3408  0.7551   0.5728   0.3886  0.02972   0.0168  0
   230/257  1.54  0.02942  0.01629  0   0.0457  28  512  0.3413  0.7555   0.5735   0.3891  0.02971  0.01679  0
   231/257  1.54  0.02961  0.01624  0  0.04584  30  512  0.3418  0.7555   0.5735   0.3886  0.02969  0.01678  0
   232/257  1.54  0.02949  0.01608  0  0.04557  22  512  0.3413  0.7545   0.5738   0.3891  0.02968  0.01678  0
   233/257  1.54  0.02935  0.01617  0  0.04552  26  512  0.3418  0.7551   0.5737   0.3898  0.02968  0.01679  0
   234/257  1.54  0.02933  0.01608  0  0.04541  30  512  0.3421  0.7563   0.5738   0.3901  0.02968  0.01678  0
   235/257  1.54  0.02935  0.01612  0  0.04548  24  512  0.3427  0.7572   0.5744   0.3904  0.02966  0.01677  0
   236/257  1.54  0.02921    0.016  0   0.0452  24  512  0.3439  0.7576    0.575   0.3907  0.02964  0.01676  0
   237/257  1.54  0.02934  0.01621  0  0.04555  26  512  0.3437   0.758   0.5755   0.3911  0.02964  0.01676  0
   238/257  1.54   0.0291  0.01604  0  0.04514  27  512  0.3436  0.7563   0.5752   0.3912  0.02963  0.01675  0
   239/257  1.54  0.02912  0.01597  0  0.04509  22  512  0.3441  0.7558   0.5758   0.3917  0.02963  0.01675  0
   240/257  1.54  0.02911  0.01599  0  0.04511  24  512  0.3444  0.7551    0.576   0.3913  0.02962  0.01673  0
   241/257  1.54  0.02901  0.01607  0  0.04508  23  512   0.345  0.7559   0.5768   0.3919  0.02963  0.01673  0
   242/257  1.54  0.02886  0.01593  0  0.04479  24  512  0.3451  0.7555   0.5759   0.3916  0.02963  0.01674  0
   243/257  1.54  0.02913  0.01575  0  0.04488  27  512  0.3454  0.7563   0.5774   0.3919  0.02962  0.01672  0
   244/257  1.54  0.02887  0.01599  0  0.04487  30  512  0.3451  0.7568   0.5777   0.3923  0.02963  0.01673  0
   245/257  1.54  0.02883  0.01588  0  0.04471  26  512  0.3447  0.7559   0.5771   0.3926  0.02961  0.01671  0
   246/257  1.54  0.02888  0.01601  0  0.04489  35  512  0.3444  0.7568   0.5769   0.3922  0.02962  0.01672  0
   247/257  1.54  0.02879  0.01584  0  0.04463  21  512  0.3446  0.7542   0.5769   0.3924  0.02962  0.01671  0
   248/257  1.54  0.02891  0.01584  0  0.04475  25  512  0.3457  0.7572   0.5773   0.3931  0.02962  0.01672  0
   249/257  1.54  0.02874  0.01594  0  0.04467  21  512  0.3464   0.758   0.5773   0.3929  0.02962   0.0167  0
   250/257  1.54  0.02863  0.01597  0  0.04461  25  512  0.3469  0.7593   0.5782   0.3935  0.02962   0.0167  0
   251/257  1.54  0.02863  0.01572  0  0.04435  26  512  0.3465   0.758   0.5783   0.3933  0.02963   0.0167  0
   252/257  1.54  0.02868  0.01579  0  0.04447  26  512  0.3473  0.7576   0.5784   0.3938  0.02963  0.01669  0
   253/257  1.54  0.02862  0.01576  0  0.04438  39  512  0.3475  0.7585   0.5786   0.3938  0.02963  0.01671  0
   254/257  1.54   0.0287  0.01578  0  0.04448  22  512  0.3479   0.758   0.5786   0.3942  0.02961  0.01668  0
   255/257  1.54  0.02854  0.01576  0   0.0443  31  512  0.3479  0.7585   0.5792   0.3944  0.02961  0.01667  0
   256/257  1.54  0.02866  0.01575  0  0.04441  32  512  0.3491  0.7589   0.5799   0.3953  0.02961  0.01667  0
   257/257  1.54  0.02883  0.01588  0  0.04472  28  512  0.3494  0.7602   0.5799   0.3948   0.0296  0.01666  0
